# R script for Peak Model
#  -- generated by MACS
p <- c(0.047540472588404215,0.05596536646483028,0.0647513272216746,0.0728151542176824,0.07967542494562935,0.07883293555798673,0.07907364681159891,0.07859222430437457,0.07883293555798673,0.07871257993118065,0.07943471369201717,0.07883293555798673,0.07847186867756847,0.07774973491673196,0.07774973491673196,0.07871257993118065,0.07799044617034413,0.07847186867756847,0.07835151305076239,0.07835151305076239,0.07847186867756847,0.07823115742395631,0.07762937928992587,0.07835151305076239,0.07919400243840499,0.07799044617034413,0.07762937928992587,0.07714795678270153,0.0765461786486711,0.07570368926102848,0.07522226675380414,0.0747408442465798,0.07389835485893718,0.07389835485893718,0.0737779992321311,0.07425942173935544,0.07389835485893718,0.07389835485893718,0.07450013299296762,0.07486119987338588,0.0747408442465798,0.07522226675380414,0.07630546739505892,0.07594440051464066,0.07630546739505892,0.07606475614144674,0.07774973491673196,0.07799044617034413,0.07859222430437457,0.07883293555798673,0.07871257993118065,0.07907364681159891,0.07799044617034413,0.07762937928992587,0.07835151305076239,0.07931435806521109,0.07895329118479283,0.07883293555798673,0.07847186867756847,0.07895329118479283,0.07895329118479283,0.07871257993118065,0.07943471369201717,0.07967542494562935,0.07967542494562935,0.07883293555798673,0.0773886680363137,0.07666653427547718,0.07690724552908935,0.07678688990228327,0.07630546739505892,0.07618511176825284,0.07594440051464066,0.07546297800741632,0.0746204886197737,0.0747408442465798,0.07570368926102848,0.07594440051464066,0.07534262238061022,0.07534262238061022,0.07618511176825284,0.0765461786486711,0.07666653427547718,0.0765461786486711,0.07678688990228327,0.07726831240950761,0.07630546739505892,0.07666653427547718,0.07678688990228327,0.07714795678270153,0.07762937928992587,0.07690724552908935,0.07750902366311979,0.07847186867756847,0.07931435806521109,0.07895329118479283,0.08027720307965978,0.08063826996007804,0.08124004809410847,0.08063826996007804,0.08039755870646587,0.08136040372091456,0.08087898121369021,0.07991613619924152,0.07883293555798673,0.07883293555798673,0.07883293555798673,0.07895329118479283,0.07847186867756847,0.07811080179715021,0.07799044617034413,0.07883293555798673,0.07895329118479283,0.0800364918260476,0.08015684745285369,0.07979578057243543,0.07955506931882327,0.07979578057243543,0.07967542494562935,0.07991613619924152,0.07919400243840499,0.07811080179715021,0.07859222430437457,0.07750902366311979,0.07750902366311979,0.07823115742395631,0.07787009054353805,0.0773886680363137,0.07750902366311979,0.07847186867756847,0.08015684745285369,0.08051791433327195,0.08136040372091456,0.08172147060133282,0.08232324873536326,0.08292502686939368,0.08340644937661804,0.08436929439106672,0.08412858313745455,0.08352680500342412,0.08208253748175108,0.08172147060133282,0.08063826996007804,0.08148075934772064,0.08172147060133282,0.0809993368404963,0.08063826996007804,0.07991613619924152,0.08075862558688413,0.08075862558688413,0.08075862558688413,0.08124004809410847,0.08075862558688413,0.08027720307965978,0.07847186867756847,0.07823115742395631,0.07847186867756847,0.07931435806521109,0.07847186867756847,0.07847186867756847,0.07979578057243543,0.07967542494562935,0.08051791433327195,0.08087898121369021,0.08124004809410847,0.0818418262281389,0.08208253748175108,0.0809993368404963,0.08148075934772064,0.08063826996007804,0.08051791433327195,0.07979578057243543,0.07955506931882327,0.07955506931882327,0.08148075934772064,0.08172147060133282,0.08111969246730238,0.08111969246730238,0.0809993368404963,0.08208253748175108,0.0809993368404963,0.0818418262281389,0.08124004809410847,0.08087898121369021,0.07955506931882327,0.07871257993118065,0.07943471369201717,0.07979578057243543,0.08027720307965978,0.07931435806521109,0.07955506931882327,0.07955506931882327,0.07967542494562935,0.07979578057243543,0.07919400243840499,0.07907364681159891,0.07871257993118065,0.07871257993118065,0.07762937928992587,0.07762937928992587,0.0773886680363137,0.07678688990228327,0.07714795678270153,0.07859222430437457,0.07955506931882327,0.07919400243840499,0.07859222430437457,0.07835151305076239,0.07799044617034413,0.07799044617034413,0.07823115742395631,0.07750902366311979,0.07811080179715021,0.07642582302186501,0.07570368926102848,0.07666653427547718,0.07630546739505892,0.07666653427547718,0.07750902366311979,0.07847186867756847,0.07883293555798673,0.07967542494562935,0.07979578057243543,0.07991613619924152,0.08027720307965978,0.07991613619924152,0.0809993368404963,0.08136040372091456,0.08111969246730238,0.08087898121369021,0.08027720307965978,0.08027720307965978,0.07919400243840499,0.07943471369201717,0.07943471369201717,0.0800364918260476,0.07931435806521109,0.07847186867756847,0.07931435806521109,0.07883293555798673,0.07859222430437457,0.07895329118479283,0.0800364918260476,0.07955506931882327,0.07991613619924152,0.07991613619924152,0.08027720307965978,0.07931435806521109,0.07847186867756847,0.07931435806521109,0.0809993368404963,0.0809993368404963,0.0800364918260476,0.08015684745285369,0.07919400243840499,0.07883293555798673,0.07871257993118065,0.08015684745285369,0.08051791433327195,0.07955506931882327,0.07787009054353805,0.07762937928992587,0.07787009054353805,0.07835151305076239,0.07943471369201717,0.07919400243840499,0.07967542494562935,0.07991613619924152,0.07943471369201717,0.08051791433327195,0.08063826996007804,0.08124004809410847,0.08124004809410847,0.0809993368404963,0.08087898121369021,0.08075862558688413,0.0800364918260476,0.07967542494562935,0.08015684745285369,0.08051791433327195,0.08111969246730238,0.08063826996007804,0.0809993368404963,0.08124004809410847,0.08027720307965978,0.08039755870646587,0.08124004809410847,0.0809993368404963,0.08111969246730238,0.08039755870646587,0.0800364918260476,0.0800364918260476,0.0800364918260476,0.07991613619924152,0.08039755870646587,0.08124004809410847,0.08111969246730238,0.08244360436216934,0.08232324873536326,0.08268431561578152,0.08340644937661804,0.08388787188384238,0.08388787188384238,0.08424893876426064,0.08569320628593367,0.08581356191273977,0.08605427316635193,0.08424893876426064,0.0837675162570363,0.0837675162570363,0.08316573812300586,0.08232324873536326,0.08172147060133282,0.08124004809410847,0.0809993368404963,0.08124004809410847,0.08087898121369021,0.08232324873536326,0.08244360436216934,0.08256395998897542,0.08304538249619978,0.08268431561578152,0.0836471606302302,0.08388787188384238,0.08328609374981194,0.08220289310855716,0.08256395998897542,0.08196218185494498,0.08256395998897542,0.0828046712425876,0.08244360436216934,0.0836471606302302,0.08400822751064846,0.08473036127148498,0.08485071689829107,0.08436929439106672,0.08509142815190325,0.08533213940551541,0.08569320628593367,0.08545249503232151,0.08533213940551541,0.08485071689829107,0.08448965001787281,0.08388787188384238,0.08388787188384238,0.08509142815190325,0.0846100056446789,0.08557285065912759,0.08617462879315803,0.08677640692718845,0.08761889631483107,0.08834103007566758,0.0882206744488615,0.08882245258289193,0.08870209695608584,0.08773925194163715,0.08701711818080063,0.08605427316635193,0.08653569567357629,0.08593391753954585,0.08533213940551541,0.08569320628593367,0.08448965001787281,0.0836471606302302,0.0846100056446789,0.08557285065912759,0.08677640692718845,0.08701711818080063,0.08569320628593367,0.08605427316635193,0.08737818506121889,0.08605427316635193,0.08701711818080063,0.08797996319524932,0.0872578294344128,0.08689676255399455,0.08605427316635193,0.08773925194163715,0.08846138570247367,0.0882206744488615,0.08629498441996411,0.08713747380760671,0.08701711818080063,0.08677640692718845,0.08653569567357629,0.08653569567357629,0.08689676255399455,0.08485071689829107,0.08424893876426064,0.08497107252509715,0.08713747380760671,0.08653569567357629,0.08701711818080063,0.08713747380760671,0.08713747380760671,0.08785960756844323,0.08858174132927976,0.09026672010456496,0.09038707573137106,